mixed structures (T2), dux: one coset word x full-field words
      p    active layer  coset       T T_plain     data  weighted  plain   margins (weighted)
  65537    [3, 7]    10   2^12   69632   65536   2^28.0      0000   0000   [-11458, -41139, -81684, -594]
  65537    [3, 7]    10   2^13   73728   65536   2^29.0      0001   0000   [-7362, -37043, -77588, 3502]
  65537    [3, 7]    10   2^14   81920   65536   2^30.0      1001   0000   [830, -28851, -69396, 11694]
  65537    [3, 7]    10   2^16  131072   65536   2^32.0      1101   0000   [49982, 20301, -20244, 60846]
    257    [3, 7]     6    2^5     288     256  2^13.01      0000   0000   [-130, -283, -492, -74]
    257    [3, 7]     6    2^6     320     256  2^14.01      0000   0000   [-98, -251, -460, -42]
    257    [3, 7]     6    2^7     384     256  2^15.01      0001   0000   [-34, -187, -396, 22]
    257    [3, 7]     6    2^8     512     256  2^16.01      1001   0000   [94, -59, -268, 150]
    193    [3, 7]     5    2^4     208     192  2^11.59      1101   1101   [96, 55, -1, 111]
    193    [3, 7]     5    2^5     224     192  2^12.59      1111   1101   [112, 71, 15, 127]
    193    [3, 7]     5    2^6     256     192  2^13.59      1111   1101   [144, 103, 47, 159]
